x = [1 2 3 4]
y = [2 3 4 1]
x == y